version https://git-lfs.github.com/spec/v1
oid sha256:ce1a32d2c03135036b3705543af7e6812395d143bc39d3ea7950d6b187413b7f
size 1269
