version https://git-lfs.github.com/spec/v1
oid sha256:6a9c0cd4952a8fd0b6ada15b7f47dd9f2357272dfc37ec4511c0fb4214469ddc
size 792
