version https://git-lfs.github.com/spec/v1
oid sha256:b4ed144e0d3bade8bc8fcefa97ad73a78bc1860bd110c174c9a25222c2a184be
size 9339
